12
0.00 600.00 0 150.00 150.00 150.00 150.00 
0.00 450.00 1 112.50 117.50 117.50 117.50 
0.00 250.00 2 62.50 67.50 72.50 72.50 
0.00 300.00 3 75.00 80.00 85.00 90.00 
0.00 350.00 0 87.50 87.50 87.50 87.50 
0.00 750.00 1 187.50 192.50 192.50 192.50 
0.00 350.00 2 87.50 92.50 97.50 97.50 
0.00 650.00 3 162.50 167.50 172.50 177.50 
0.00 650.00 0 162.50 162.50 162.50 162.50 
0.00 400.00 1 100.00 105.00 105.00 105.00 
0.00 700.00 2 175.00 180.00 185.00 185.00 
0.00 750.00 3 187.50 192.50 197.50 202.50 
