12
0.00 400.00 0 100.00 100.00 100.00 100.00 
0.00 650.00 1 162.50 167.50 167.50 167.50 
0.00 700.00 2 175.00 180.00 185.00 185.00 
0.00 300.00 3 75.00 80.00 85.00 90.00 
0.00 300.00 0 75.00 75.00 75.00 75.00 
0.00 550.00 1 137.50 142.50 142.50 142.50 
0.00 400.00 2 100.00 105.00 110.00 110.00 
0.00 500.00 3 125.00 130.00 135.00 140.00 
0.00 750.00 0 187.50 187.50 187.50 187.50 
0.00 300.00 1 75.00 80.00 80.00 80.00 
0.00 350.00 2 87.50 92.50 97.50 97.50 
0.00 700.00 3 175.00 180.00 185.00 190.00 
