12
0.00 650.00 0 162.50 162.50 162.50 162.50 
0.00 650.00 1 162.50 167.50 167.50 167.50 
0.00 250.00 2 62.50 67.50 72.50 72.50 
0.00 700.00 3 175.00 180.00 185.00 190.00 
0.00 750.00 0 187.50 187.50 187.50 187.50 
0.00 250.00 1 62.50 67.50 67.50 67.50 
0.00 450.00 2 112.50 117.50 122.50 122.50 
0.00 750.00 3 187.50 192.50 197.50 202.50 
0.00 650.00 0 162.50 162.50 162.50 162.50 
0.00 500.00 1 125.00 130.00 130.00 130.00 
0.00 700.00 2 175.00 180.00 185.00 185.00 
0.00 350.00 3 87.50 92.50 97.50 102.50 
