12
0.00 600.00 0 150.00 150.00 150.00 150.00 
0.00 300.00 1 75.00 80.00 80.00 80.00 
0.00 550.00 2 137.50 142.50 147.50 147.50 
0.00 350.00 3 87.50 92.50 97.50 102.50 
0.00 300.00 0 75.00 75.00 75.00 75.00 
0.00 550.00 1 137.50 142.50 142.50 142.50 
0.00 300.00 2 75.00 80.00 85.00 85.00 
0.00 450.00 3 112.50 117.50 122.50 127.50 
0.00 450.00 0 112.50 112.50 112.50 112.50 
0.00 500.00 1 125.00 130.00 130.00 130.00 
0.00 250.00 2 62.50 67.50 72.50 72.50 
0.00 750.00 3 187.50 192.50 197.50 202.50 
