12
0.00 600.00 0 150.00 150.00 150.00 150.00 
0.00 750.00 1 187.50 192.50 192.50 192.50 
0.00 350.00 2 87.50 92.50 97.50 97.50 
0.00 500.00 3 125.00 130.00 135.00 140.00 
0.00 750.00 0 187.50 187.50 187.50 187.50 
0.00 650.00 1 162.50 167.50 167.50 167.50 
0.00 600.00 2 150.00 155.00 160.00 160.00 
0.00 750.00 3 187.50 192.50 197.50 202.50 
0.00 700.00 0 175.00 175.00 175.00 175.00 
0.00 350.00 1 87.50 92.50 92.50 92.50 
0.00 550.00 2 137.50 142.50 147.50 147.50 
0.00 400.00 3 100.00 105.00 110.00 115.00 
