12
0.00 550.00 0 137.50 137.50 137.50 137.50 
0.00 450.00 1 112.50 117.50 117.50 117.50 
0.00 250.00 2 62.50 67.50 72.50 72.50 
0.00 400.00 3 100.00 105.00 110.00 115.00 
0.00 350.00 0 87.50 87.50 87.50 87.50 
0.00 350.00 1 87.50 92.50 92.50 92.50 
0.00 700.00 2 175.00 180.00 185.00 185.00 
0.00 450.00 3 112.50 117.50 122.50 127.50 
0.00 600.00 0 150.00 150.00 150.00 150.00 
0.00 600.00 1 150.00 155.00 155.00 155.00 
0.00 750.00 2 187.50 192.50 197.50 197.50 
0.00 400.00 3 100.00 105.00 110.00 115.00 
