12
0.00 650.00 0 162.50 162.50 162.50 162.50 
0.00 350.00 1 87.50 92.50 92.50 92.50 
0.00 250.00 2 62.50 67.50 72.50 72.50 
0.00 600.00 3 150.00 155.00 160.00 165.00 
0.00 650.00 0 162.50 162.50 162.50 162.50 
0.00 500.00 1 125.00 130.00 130.00 130.00 
0.00 750.00 2 187.50 192.50 197.50 197.50 
0.00 500.00 3 125.00 130.00 135.00 140.00 
0.00 600.00 0 150.00 150.00 150.00 150.00 
0.00 600.00 1 150.00 155.00 155.00 155.00 
0.00 300.00 2 75.00 80.00 85.00 85.00 
0.00 250.00 3 62.50 67.50 72.50 77.50 
