12
0.00 700.00 0 175.00 175.00 175.00 175.00 
0.00 300.00 1 75.00 80.00 80.00 80.00 
0.00 700.00 2 175.00 180.00 185.00 185.00 
0.00 550.00 3 137.50 142.50 147.50 152.50 
0.00 600.00 0 150.00 150.00 150.00 150.00 
0.00 600.00 1 150.00 155.00 155.00 155.00 
0.00 700.00 2 175.00 180.00 185.00 185.00 
0.00 550.00 3 137.50 142.50 147.50 152.50 
0.00 450.00 0 112.50 112.50 112.50 112.50 
0.00 700.00 1 175.00 180.00 180.00 180.00 
0.00 500.00 2 125.00 130.00 135.00 135.00 
0.00 600.00 3 150.00 155.00 160.00 165.00 
