12
0.00 600.00 0 150.00 150.00 150.00 150.00 
0.00 650.00 1 162.50 167.50 167.50 167.50 
0.00 250.00 2 62.50 67.50 72.50 72.50 
0.00 400.00 3 100.00 105.00 110.00 115.00 
0.00 300.00 0 75.00 75.00 75.00 75.00 
0.00 450.00 1 112.50 117.50 117.50 117.50 
0.00 250.00 2 62.50 67.50 72.50 72.50 
0.00 450.00 3 112.50 117.50 122.50 127.50 
0.00 650.00 0 162.50 162.50 162.50 162.50 
0.00 300.00 1 75.00 80.00 80.00 80.00 
0.00 700.00 2 175.00 180.00 185.00 185.00 
0.00 550.00 3 137.50 142.50 147.50 152.50 
