12
0.00 400.00 0 100.00 100.00 100.00 100.00 
0.00 600.00 1 150.00 155.00 155.00 155.00 
0.00 300.00 2 75.00 80.00 85.00 85.00 
0.00 450.00 3 112.50 117.50 122.50 127.50 
0.00 600.00 0 150.00 150.00 150.00 150.00 
0.00 500.00 1 125.00 130.00 130.00 130.00 
0.00 350.00 2 87.50 92.50 97.50 97.50 
0.00 350.00 3 87.50 92.50 97.50 102.50 
0.00 550.00 0 137.50 137.50 137.50 137.50 
0.00 250.00 1 62.50 67.50 67.50 67.50 
0.00 550.00 2 137.50 142.50 147.50 147.50 
0.00 550.00 3 137.50 142.50 147.50 152.50 
