12
0.00 350.00 0 77.00 77.00 77.00 77.00 
0.00 700.00 1 154.00 159.00 159.00 159.00 
0.00 550.00 2 121.00 126.00 131.00 131.00 
0.00 650.00 3 143.00 148.00 153.00 158.00 
0.00 700.00 0 154.00 154.00 154.00 154.00 
0.00 450.00 1 99.00 104.00 104.00 104.00 
0.00 600.00 2 132.00 137.00 142.00 142.00 
0.00 500.00 3 110.00 115.00 120.00 125.00 
0.00 500.00 0 110.00 110.00 110.00 110.00 
0.00 300.00 1 66.00 71.00 71.00 71.00 
0.00 450.00 2 99.00 104.00 109.00 109.00 
0.00 700.00 3 154.00 159.00 164.00 169.00 
