12
0.00 700.00 0 175.00 175.00 175.00 175.00 
0.00 750.00 1 187.50 192.50 192.50 192.50 
0.00 400.00 2 100.00 105.00 110.00 110.00 
0.00 600.00 3 150.00 155.00 160.00 165.00 
0.00 500.00 0 125.00 125.00 125.00 125.00 
0.00 250.00 1 62.50 67.50 67.50 67.50 
0.00 600.00 2 150.00 155.00 160.00 160.00 
0.00 700.00 3 175.00 180.00 185.00 190.00 
0.00 400.00 0 100.00 100.00 100.00 100.00 
0.00 450.00 1 112.50 117.50 117.50 117.50 
0.00 350.00 2 87.50 92.50 97.50 97.50 
0.00 750.00 3 187.50 192.50 197.50 202.50 
