12
0.00 750.00 0 187.50 187.50 187.50 187.50 
0.00 400.00 1 100.00 105.00 105.00 105.00 
0.00 250.00 2 62.50 67.50 72.50 72.50 
0.00 300.00 3 75.00 80.00 85.00 90.00 
0.00 600.00 0 150.00 150.00 150.00 150.00 
0.00 450.00 1 112.50 117.50 117.50 117.50 
0.00 650.00 2 162.50 167.50 172.50 172.50 
0.00 550.00 3 137.50 142.50 147.50 152.50 
0.00 300.00 0 75.00 75.00 75.00 75.00 
0.00 500.00 1 125.00 130.00 130.00 130.00 
0.00 600.00 2 150.00 155.00 160.00 160.00 
0.00 250.00 3 62.50 67.50 72.50 77.50 
