12
0.00 650.00 0 143.00 143.00 143.00 143.00 
0.00 650.00 1 143.00 148.00 148.00 148.00 
0.00 350.00 2 77.00 82.00 87.00 87.00 
0.00 450.00 3 99.00 104.00 109.00 114.00 
0.00 300.00 0 66.00 66.00 66.00 66.00 
0.00 700.00 1 154.00 159.00 159.00 159.00 
0.00 400.00 2 88.00 93.00 98.00 98.00 
0.00 500.00 3 110.00 115.00 120.00 125.00 
0.00 550.00 0 121.00 121.00 121.00 121.00 
0.00 650.00 1 143.00 148.00 148.00 148.00 
0.00 450.00 2 99.00 104.00 109.00 109.00 
0.00 400.00 3 88.00 93.00 98.00 103.00 
