12
0.00 700.00 0 175.00 175.00 175.00 175.00 
0.00 400.00 1 100.00 105.00 105.00 105.00 
0.00 250.00 2 62.50 67.50 72.50 72.50 
0.00 550.00 3 137.50 142.50 147.50 152.50 
0.00 550.00 0 137.50 137.50 137.50 137.50 
0.00 300.00 1 75.00 80.00 80.00 80.00 
0.00 500.00 2 125.00 130.00 135.00 135.00 
0.00 250.00 3 62.50 67.50 72.50 77.50 
0.00 500.00 0 125.00 125.00 125.00 125.00 
0.00 400.00 1 100.00 105.00 105.00 105.00 
0.00 650.00 2 162.50 167.50 172.50 172.50 
0.00 450.00 3 112.50 117.50 122.50 127.50 
