12
0.00 750.00 0 187.50 187.50 187.50 187.50 
0.00 650.00 1 162.50 167.50 167.50 167.50 
0.00 600.00 2 150.00 155.00 160.00 160.00 
0.00 600.00 3 150.00 155.00 160.00 165.00 
0.00 450.00 0 112.50 112.50 112.50 112.50 
0.00 300.00 1 75.00 80.00 80.00 80.00 
0.00 750.00 2 187.50 192.50 197.50 197.50 
0.00 550.00 3 137.50 142.50 147.50 152.50 
0.00 650.00 0 162.50 162.50 162.50 162.50 
0.00 450.00 1 112.50 117.50 117.50 117.50 
0.00 650.00 2 162.50 167.50 172.50 172.50 
0.00 500.00 3 125.00 130.00 135.00 140.00 
