12
0.00 550.00 0 132.00 132.00 132.00 132.00 
0.00 650.00 1 156.00 161.00 161.00 161.00 
0.00 400.00 2 96.00 101.00 106.00 106.00 
0.00 500.00 3 120.00 125.00 130.00 135.00 
0.00 650.00 0 156.00 156.00 156.00 156.00 
0.00 700.00 1 168.00 173.00 173.00 173.00 
0.00 550.00 2 132.00 137.00 142.00 142.00 
0.00 400.00 3 96.00 101.00 106.00 111.00 
0.00 250.00 0 60.00 60.00 60.00 60.00 
0.00 300.00 1 72.00 77.00 77.00 77.00 
0.00 700.00 2 168.00 173.00 178.00 178.00 
0.00 550.00 3 132.00 137.00 142.00 147.00 
