12
0.00 300.00 0 60.00 60.00 60.00 60.00 
0.00 250.00 1 50.00 75.00 75.00 75.00 
0.00 300.00 2 60.00 90.00 120.00 120.00 
0.00 300.00 3 60.00 90.00 120.00 150.00 
0.00 600.00 0 120.00 120.00 120.00 120.00 
0.00 500.00 1 100.00 150.00 150.00 150.00 
0.00 400.00 2 80.00 120.00 160.00 160.00 
0.00 600.00 3 120.00 180.00 240.00 300.00 
0.00 500.00 0 100.00 100.00 100.00 100.00 
0.00 400.00 1 80.00 120.00 120.00 120.00 
0.00 450.00 2 90.00 135.00 180.00 180.00 
0.00 700.00 3 140.00 210.00 280.00 350.00 
