12
0.00 650.00 0 162.50 162.50 162.50 162.50 
0.00 700.00 1 175.00 180.00 180.00 180.00 
0.00 300.00 2 75.00 80.00 85.00 85.00 
0.00 300.00 3 75.00 80.00 85.00 90.00 
0.00 500.00 0 125.00 125.00 125.00 125.00 
0.00 550.00 1 137.50 142.50 142.50 142.50 
0.00 350.00 2 87.50 92.50 97.50 97.50 
0.00 700.00 3 175.00 180.00 185.00 190.00 
0.00 550.00 0 137.50 137.50 137.50 137.50 
0.00 450.00 1 112.50 117.50 117.50 117.50 
0.00 750.00 2 187.50 192.50 197.50 197.50 
0.00 500.00 3 125.00 130.00 135.00 140.00 
