12
0.00 250.00 0 62.50 62.50 62.50 62.50 
0.00 650.00 1 162.50 167.50 167.50 167.50 
0.00 750.00 2 187.50 192.50 197.50 197.50 
0.00 700.00 3 175.00 180.00 185.00 190.00 
0.00 700.00 0 175.00 175.00 175.00 175.00 
0.00 650.00 1 162.50 167.50 167.50 167.50 
0.00 450.00 2 112.50 117.50 122.50 122.50 
0.00 550.00 3 137.50 142.50 147.50 152.50 
0.00 450.00 0 112.50 112.50 112.50 112.50 
0.00 500.00 1 125.00 130.00 130.00 130.00 
0.00 600.00 2 150.00 155.00 160.00 160.00 
0.00 250.00 3 62.50 67.50 72.50 77.50 
