12
0.00 500.00 0 125.00 125.00 125.00 125.00 
0.00 750.00 1 187.50 192.50 192.50 192.50 
0.00 700.00 2 175.00 180.00 185.00 185.00 
0.00 600.00 3 150.00 155.00 160.00 165.00 
0.00 650.00 0 162.50 162.50 162.50 162.50 
0.00 250.00 1 62.50 67.50 67.50 67.50 
0.00 550.00 2 137.50 142.50 147.50 147.50 
0.00 400.00 3 100.00 105.00 110.00 115.00 
0.00 550.00 0 137.50 137.50 137.50 137.50 
0.00 700.00 1 175.00 180.00 180.00 180.00 
0.00 400.00 2 100.00 105.00 110.00 110.00 
0.00 550.00 3 137.50 142.50 147.50 152.50 
