12
0.00 250.00 0 57.50 57.50 57.50 57.50 
0.00 600.00 1 138.00 143.00 143.00 143.00 
0.00 550.00 2 126.50 131.50 136.50 136.50 
0.00 650.00 3 149.50 154.50 159.50 164.50 
0.00 750.00 0 172.50 172.50 172.50 172.50 
0.00 600.00 1 138.00 143.00 143.00 143.00 
0.00 400.00 2 92.00 97.00 102.00 102.00 
0.00 550.00 3 126.50 131.50 136.50 141.50 
0.00 400.00 0 92.00 92.00 92.00 92.00 
0.00 600.00 1 138.00 143.00 143.00 143.00 
0.00 350.00 2 80.50 85.50 90.50 90.50 
0.00 550.00 3 126.50 131.50 136.50 141.50 
