12
0.00 600.00 0 150.00 150.00 150.00 150.00 
0.00 550.00 1 137.50 142.50 142.50 142.50 
0.00 600.00 2 150.00 155.00 160.00 160.00 
0.00 600.00 3 150.00 155.00 160.00 165.00 
0.00 650.00 0 162.50 162.50 162.50 162.50 
0.00 550.00 1 137.50 142.50 142.50 142.50 
0.00 400.00 2 100.00 105.00 110.00 110.00 
0.00 250.00 3 62.50 67.50 72.50 77.50 
0.00 300.00 0 75.00 75.00 75.00 75.00 
0.00 400.00 1 100.00 105.00 105.00 105.00 
0.00 350.00 2 87.50 92.50 97.50 97.50 
0.00 250.00 3 62.50 67.50 72.50 77.50 
