12
0.00 700.00 0 175.00 175.00 175.00 175.00 
0.00 700.00 1 175.00 180.00 180.00 180.00 
0.00 550.00 2 137.50 142.50 147.50 147.50 
0.00 350.00 3 87.50 92.50 97.50 102.50 
0.00 750.00 0 187.50 187.50 187.50 187.50 
0.00 650.00 1 162.50 167.50 167.50 167.50 
0.00 600.00 2 150.00 155.00 160.00 160.00 
0.00 350.00 3 87.50 92.50 97.50 102.50 
0.00 550.00 0 137.50 137.50 137.50 137.50 
0.00 500.00 1 125.00 130.00 130.00 130.00 
0.00 700.00 2 175.00 180.00 185.00 185.00 
0.00 500.00 3 125.00 130.00 135.00 140.00 
