12
0.00 250.00 0 57.50 57.50 57.50 57.50 
0.00 700.00 1 161.00 166.00 166.00 166.00 
0.00 350.00 2 80.50 85.50 90.50 90.50 
0.00 400.00 3 92.00 97.00 102.00 107.00 
0.00 500.00 0 115.00 115.00 115.00 115.00 
0.00 400.00 1 92.00 97.00 97.00 97.00 
0.00 450.00 2 103.50 108.50 113.50 113.50 
0.00 700.00 3 161.00 166.00 171.00 176.00 
0.00 600.00 0 138.00 138.00 138.00 138.00 
0.00 550.00 1 126.50 131.50 131.50 131.50 
0.00 600.00 2 138.00 143.00 148.00 148.00 
0.00 600.00 3 138.00 143.00 148.00 153.00 
