12
0.00 650.00 0 162.50 162.50 162.50 162.50 
0.00 500.00 1 125.00 130.00 130.00 130.00 
0.00 250.00 2 62.50 67.50 72.50 72.50 
0.00 250.00 3 62.50 67.50 72.50 77.50 
0.00 250.00 0 62.50 62.50 62.50 62.50 
0.00 600.00 1 150.00 155.00 155.00 155.00 
0.00 700.00 2 175.00 180.00 185.00 185.00 
0.00 400.00 3 100.00 105.00 110.00 115.00 
0.00 550.00 0 137.50 137.50 137.50 137.50 
0.00 250.00 1 62.50 67.50 67.50 67.50 
0.00 500.00 2 125.00 130.00 135.00 135.00 
0.00 450.00 3 112.50 117.50 122.50 127.50 
