12
0.00 700.00 0 175.00 175.00 175.00 175.00 
0.00 650.00 1 162.50 167.50 167.50 167.50 
0.00 550.00 2 137.50 142.50 147.50 147.50 
0.00 700.00 3 175.00 180.00 185.00 190.00 
0.00 400.00 0 100.00 100.00 100.00 100.00 
0.00 650.00 1 162.50 167.50 167.50 167.50 
0.00 250.00 2 62.50 67.50 72.50 72.50 
0.00 750.00 3 187.50 192.50 197.50 202.50 
0.00 650.00 0 162.50 162.50 162.50 162.50 
0.00 500.00 1 125.00 130.00 130.00 130.00 
0.00 450.00 2 112.50 117.50 122.50 122.50 
0.00 400.00 3 100.00 105.00 110.00 115.00 
