12
0.00 300.00 0 69.00 69.00 69.00 69.00 
0.00 750.00 1 172.50 177.50 177.50 177.50 
0.00 750.00 2 172.50 177.50 182.50 182.50 
0.00 400.00 3 92.00 97.00 102.00 107.00 
0.00 550.00 0 126.50 126.50 126.50 126.50 
0.00 500.00 1 115.00 120.00 120.00 120.00 
0.00 700.00 2 161.00 166.00 171.00 171.00 
0.00 600.00 3 138.00 143.00 148.00 153.00 
0.00 550.00 0 126.50 126.50 126.50 126.50 
0.00 550.00 1 126.50 131.50 131.50 131.50 
0.00 500.00 2 115.00 120.00 125.00 125.00 
0.00 300.00 3 69.00 74.00 79.00 84.00 
