12
0.00 600.00 0 150.00 150.00 150.00 150.00 
0.00 400.00 1 100.00 105.00 105.00 105.00 
0.00 400.00 2 100.00 105.00 110.00 110.00 
0.00 600.00 3 150.00 155.00 160.00 165.00 
0.00 600.00 0 150.00 150.00 150.00 150.00 
0.00 650.00 1 162.50 167.50 167.50 167.50 
0.00 350.00 2 87.50 92.50 97.50 97.50 
0.00 250.00 3 62.50 67.50 72.50 77.50 
0.00 300.00 0 75.00 75.00 75.00 75.00 
0.00 450.00 1 112.50 117.50 117.50 117.50 
0.00 450.00 2 112.50 117.50 122.50 122.50 
0.00 500.00 3 125.00 130.00 135.00 140.00 
