12
0.00 550.00 0 121.00 121.00 121.00 121.00 
0.00 750.00 1 165.00 170.00 170.00 170.00 
0.00 300.00 2 66.00 71.00 76.00 76.00 
0.00 300.00 3 66.00 71.00 76.00 81.00 
0.00 650.00 0 143.00 143.00 143.00 143.00 
0.00 250.00 1 55.00 60.00 60.00 60.00 
0.00 250.00 2 55.00 60.00 65.00 65.00 
0.00 650.00 3 143.00 148.00 153.00 158.00 
0.00 550.00 0 121.00 121.00 121.00 121.00 
0.00 700.00 1 154.00 159.00 159.00 159.00 
0.00 500.00 2 110.00 115.00 120.00 120.00 
0.00 450.00 3 99.00 104.00 109.00 114.00 
