12
0.00 350.00 0 87.50 87.50 87.50 87.50 
0.00 500.00 1 125.00 130.00 130.00 130.00 
0.00 550.00 2 137.50 142.50 147.50 147.50 
0.00 750.00 3 187.50 192.50 197.50 202.50 
0.00 300.00 0 75.00 75.00 75.00 75.00 
0.00 700.00 1 175.00 180.00 180.00 180.00 
0.00 500.00 2 125.00 130.00 135.00 135.00 
0.00 500.00 3 125.00 130.00 135.00 140.00 
0.00 250.00 0 62.50 62.50 62.50 62.50 
0.00 450.00 1 112.50 117.50 117.50 117.50 
0.00 250.00 2 62.50 67.50 72.50 72.50 
0.00 350.00 3 87.50 92.50 97.50 102.50 
